(kicad_pcb (version 20171130) (host pcbnew 5.0.0+dfsg1-2~bpo9+1)

  (general
    (thickness 1.6)
    (drawings 11)
    (tracks 0)
    (zones 0)
    (modules 181)
    (nets 288)
  )

  (page A4)
  (layers
    (0 F.Cu signal)
    (1 L1.Cu power)
    (2 L2.Cu signal)
    (3 L3.Cu power)
    (4 L4.Cu power)
    (31 B.Cu signal)
    (32 B.Adhes user)
    (33 F.Adhes user)
    (34 B.Paste user)
    (35 F.Paste user)
    (36 B.SilkS user hide)
    (37 F.SilkS user)
    (38 B.Mask user hide)
    (39 F.Mask user hide)
    (40 Dwgs.User user)
    (41 Cmts.User user)
    (42 Eco1.User user)
    (43 Eco2.User user)
    (44 Edge.Cuts user)
    (45 Margin user)
    (46 B.CrtYd user hide)
    (47 F.CrtYd user)
    (48 B.Fab user hide)
    (49 F.Fab user hide)
  )

  (setup
    (last_trace_width 0.25)
    (trace_clearance 0.2)
    (zone_clearance 0.508)
    (zone_45_only no)
    (trace_min 0.2)
    (segment_width 0.2)
    (edge_width 0.15)
    (via_size 0.8)
    (via_drill 0.4)
    (via_min_size 0.4)
    (via_min_drill 0.3)
    (uvia_size 0.3)
    (uvia_drill 0.1)
    (uvias_allowed no)
    (uvia_min_size 0.2)
    (uvia_min_drill 0.1)
    (pcb_text_width 0.3)
    (pcb_text_size 1.5 1.5)
    (mod_edge_width 0.15)
    (mod_text_size 1 1)
    (mod_text_width 0.15)
    (pad_size 1.524 1.524)
    (pad_drill 0.762)
    (pad_to_mask_clearance 0.2)
    (aux_axis_origin 0 0)
    (visible_elements FFFFFF7F)
    (pcbplotparams
      (layerselection 0x010fc_ffffffff)
      (usegerberextensions false)
      (usegerberattributes false)
      (usegerberadvancedattributes false)
      (creategerberjobfile false)
      (excludeedgelayer true)
      (linewidth 0.100000)
      (plotframeref false)
      (viasonmask false)
      (mode 1)
      (useauxorigin false)
      (hpglpennumber 1)
      (hpglpenspeed 20)
      (hpglpendiameter 15.000000)
      (psnegative false)
      (psa4output false)
      (plotreference true)
      (plotvalue true)
      (plotinvisibletext false)
      (padsonsilk false)
      (subtractmaskfromsilk false)
      (outputformat 1)
      (mirror false)
      (drillshape 1)
      (scaleselection 1)
      (outputdirectory ""))
  )

  (net 0 "")
  (net 1 +3V3)
  (net 2 GND)
  (net 3 "Net-(C4-Pad2)")
  (net 4 "Net-(C4-Pad1)")
  (net 5 "Net-(C6-Pad1)")
  (net 6 "Net-(C7-Pad1)")
  (net 7 "Net-(C8-Pad1)")
  (net 8 "Net-(C10-Pad1)")
  (net 9 "Net-(C18-Pad2)")
  (net 10 "Net-(C20-Pad1)")
  (net 11 "Net-(C21-Pad1)")
  (net 12 "Net-(C28-Pad2)")
  (net 13 "Net-(C31-Pad1)")
  (net 14 "Net-(C32-Pad1)")
  (net 15 "Net-(C34-Pad1)")
  (net 16 /LRADC)
  (net 17 "Net-(C40-Pad2)")
  (net 18 "Net-(C43-Pad1)")
  (net 19 /TPX1)
  (net 20 /TPY1)
  (net 21 /TPX2)
  (net 22 /TPY2)
  (net 23 /SVREF)
  (net 24 /CK)
  (net 25 /CK-N)
  (net 26 "Net-(C73-Pad2)")
  (net 27 "Net-(C82-Pad1)")
  (net 28 /RESET-N)
  (net 29 "Net-(C97-Pad2)")
  (net 30 "Net-(C98-Pad2)")
  (net 31 /UART1-RX)
  (net 32 /UART1-TX)
  (net 33 "Net-(ENTER1-Pad1)")
  (net 34 /PIN7)
  (net 35 /PIN6_PWM0)
  (net 36 /PIN9)
  (net 37 /PIN8)
  (net 38 /TWI2-SDA)
  (net 39 /PIN10_TWI1-SCK)
  (net 40 /TWI2-SCK)
  (net 41 /PIN11_TWI1-SDA)
  (net 42 /SPI2-CS0)
  (net 43 /SPI2-CLK)
  (net 44 /SPI2-MOSI)
  (net 45 /SPI2-MISO)
  (net 46 /PIN29)
  (net 47 /PIN30)
  (net 48 /PIN19_NRB1)
  (net 49 /PIN28)
  (net 50 /PIN31)
  (net 51 /PIN32)
  (net 52 /PIN33)
  (net 53 /PIN34)
  (net 54 /PIN35)
  (net 55 /PIN36)
  (net 56 /UDM0)
  (net 57 /UDM1)
  (net 58 /UDP0)
  (net 59 /UDP1)
  (net 60 /USB0-IDDET)
  (net 61 /USB0-VBUSDET)
  (net 62 /USB0-DRV)
  (net 63 /PIN15_NCE1)
  (net 64 /PIN37_LED1)
  (net 65 /PIN38_VGA-DIS)
  (net 66 /PIN39_USBH-EN)
  (net 67 /NMI-N)
  (net 68 /UBOOT)
  (net 69 /REST-N)
  (net 70 /LCD-D23)
  (net 71 /LCD-D22)
  (net 72 /LCD-D21)
  (net 73 /LCD-D20)
  (net 74 /LCD-D19)
  (net 75 /LCD-D18)
  (net 76 /LCD-D15)
  (net 77 /LCD-D14)
  (net 78 /LCD-D13)
  (net 79 /LCD-D12)
  (net 80 /LCD-D11)
  (net 81 /LCD-D10)
  (net 82 /LCD-D6)
  (net 83 /LCD-D7)
  (net 84 /LCD-D4)
  (net 85 /LCD-D5)
  (net 86 /LCD-D2)
  (net 87 /LCD-D3)
  (net 88 /LCD-HSYNC)
  (net 89 /LCD-VSYNC)
  (net 90 /LCD-CLK)
  (net 91 /LCD-DE)
  (net 92 /SDC0-DATA3)
  (net 93 /SDC0-SCK)
  (net 94 /PIN4_TWI0-SCK)
  (net 95 /PIN5_TWI0-SDA)
  (net 96 "Net-(H-P1-Pad1)")
  (net 97 "Net-(H-P1-Pad10)")
  (net 98 "Net-(H-P1-Pad11)")
  (net 99 "Net-(H-P1-Pad4)")
  (net 100 /SDC0-DATA2)
  (net 101 /SDC0-CMD)
  (net 102 /SDC0-DATA0)
  (net 103 /SDC0-DATA1)
  (net 104 /SD0CARD-DETECT)
  (net 105 "Net-(J1-Pad10)")
  (net 106 "Net-(J3-Pad4)")
  (net 107 "Net-(J3-Pad1)")
  (net 108 "Net-(J4-Pad1)")
  (net 109 "Net-(JP1-Pad2)")
  (net 110 /PIN16_NCE0)
  (net 111 "Net-(L1-Pad1)")
  (net 112 "Net-(L2-Pad1)")
  (net 113 "Net-(L3-Pad1)")
  (net 114 "Net-(L4-Pad1)")
  (net 115 "Net-(LED1-Pad2)")
  (net 116 "Net-(MENU1-Pad1)")
  (net 117 "Net-(MIC1-Pad11)")
  (net 118 "Net-(MIC1-Pad10)")
  (net 119 "Net-(MIC1-Pad3)")
  (net 120 "Net-(MIC1-Pad2)")
  (net 121 "Net-(ON1-Pad2)")
  (net 122 "Net-(R5-Pad2)")
  (net 123 "Net-(R6-Pad2)")
  (net 124 "Net-(R10-Pad2)")
  (net 125 "Net-(R11-Pad1)")
  (net 126 "Net-(R13-Pad2)")
  (net 127 "Net-(R18-Pad1)")
  (net 128 "Net-(R20-Pad1)")
  (net 129 "Net-(R22-Pad2)")
  (net 130 "Net-(RN1-Pad8)")
  (net 131 "Net-(RN1-Pad1)")
  (net 132 "Net-(RN2-Pad5)")
  (net 133 "Net-(RN2-Pad4)")
  (net 134 /PIN18_NRB0)
  (net 135 /19)
  (net 136 /21)
  (net 137 /20)
  (net 138 /22)
  (net 139 /D6)
  (net 140 /D4)
  (net 141 /D2)
  (net 142 /D0)
  (net 143 /24)
  (net 144 /26)
  (net 145 /25)
  (net 146 /27)
  (net 147 /D9)
  (net 148 /D11)
  (net 149 /D13)
  (net 150 /D15)
  (net 151 /DQS0-N)
  (net 152 /DQS0)
  (net 153 /DM1)
  (net 154 /DM0)
  (net 155 /32)
  (net 156 /29)
  (net 157 /31)
  (net 158 /28)
  (net 159 /33)
  (net 160 /36)
  (net 161 /34)
  (net 162 /37)
  (net 163 /DQS1-N)
  (net 164 /DQS1)
  (net 165 /D12)
  (net 166 /D8)
  (net 167 /38)
  (net 168 /40)
  (net 169 /39)
  (net 170 /41)
  (net 171 /D10)
  (net 172 /D14)
  (net 173 /D1)
  (net 174 /D3)
  (net 175 /D7)
  (net 176 /D5)
  (net 177 /46)
  (net 178 /44)
  (net 179 /45)
  (net 180 /42)
  (net 181 /47)
  (net 182 /49)
  (net 183 /48)
  (net 184 /50)
  (net 185 /A10)
  (net 186 /CKE)
  (net 187 /BA1)
  (net 188 /A12)
  (net 189 /51)
  (net 190 /54)
  (net 191 /52)
  (net 192 /55)
  (net 193 /A1)
  (net 194 /A4)
  (net 195 /A6)
  (net 196 /A8)
  (net 197 /CAS)
  (net 198 /RAS)
  (net 199 /A11)
  (net 200 /A14)
  (net 201 /59)
  (net 202 /57)
  (net 203 /58)
  (net 204 /56)
  (net 205 /A0)
  (net 206 /BA0)
  (net 207 /WE)
  (net 208 /BA2)
  (net 209 /64)
  (net 210 /61)
  (net 211 /63)
  (net 212 /60)
  (net 213 /65)
  (net 214 /67)
  (net 215 /66)
  (net 216 /68)
  (net 217 /A2)
  (net 218 /A3)
  (net 219 /A5)
  (net 220 /A13)
  (net 221 /DDR3-ODT)
  (net 222 /A7)
  (net 223 /A9)
  (net 224 /DDR3-RST)
  (net 225 /72)
  (net 226 /70)
  (net 227 /71)
  (net 228 /69)
  (net 229 "Net-(U1-Pad48)")
  (net 230 "Net-(U1-Pad1)")
  (net 231 "Net-(U1-Pad47)")
  (net 232 "Net-(U1-Pad2)")
  (net 233 "Net-(U1-Pad46)")
  (net 234 "Net-(U1-Pad3)")
  (net 235 "Net-(U1-Pad45)")
  (net 236 "Net-(U1-Pad4)")
  (net 237 /PIN27_NDQ7)
  (net 238 "Net-(U1-Pad5)")
  (net 239 /PIN26_NDQ6)
  (net 240 "Net-(U1-Pad6)")
  (net 241 /PIN25_NDQ5)
  (net 242 /PIN24_NDQ4)
  (net 243 /PIN17_NRE)
  (net 244 "Net-(U1-Pad40)")
  (net 245 "Net-(U1-Pad39)")
  (net 246 "Net-(U1-Pad10)")
  (net 247 "Net-(U1-Pad38)")
  (net 248 "Net-(U1-Pad11)")
  (net 249 "Net-(U1-Pad35)")
  (net 250 "Net-(U1-Pad14)")
  (net 251 "Net-(U1-Pad34)")
  (net 252 "Net-(U1-Pad15)")
  (net 253 "Net-(U1-Pad33)")
  (net 254 /PIN14_NCLE)
  (net 255 /PIN23_NDQ3)
  (net 256 /PIN13_NALE)
  (net 257 /PIN22_NDQ2)
  (net 258 /PIN12_NWE)
  (net 259 /PIN21_NDQ1)
  (net 260 /PIN20_NDQ0)
  (net 261 "Net-(U1-Pad20)")
  (net 262 "Net-(U1-Pad28)")
  (net 263 "Net-(U1-Pad21)")
  (net 264 "Net-(U1-Pad27)")
  (net 265 "Net-(U1-Pad22)")
  (net 266 "Net-(U1-Pad26)")
  (net 267 "Net-(U1-Pad23)")
  (net 268 "Net-(U1-Pad25)")
  (net 269 "Net-(U1-Pad24)")
  (net 270 "Net-(U2-Pad3)")
  (net 271 "Net-(U3-Pad99)")
  (net 272 /PIN28_NDQS)
  (net 273 "Net-(U6-PadJ1)")
  (net 274 "Net-(U6-PadL1)")
  (net 275 "Net-(U6-PadM7)")
  (net 276 "Net-(U6-PadJ9)")
  (net 277 "Net-(U6-PadL9)")
  (net 278 "Net-(D1-Pad2)")
  (net 279 "Net-(D1-Pad3)")
  (net 280 "Net-(C63-Pad2)")
  (net 281 "Net-(C72-Pad1)")
  (net 282 "Net-(C82-Pad2)")
  (net 283 "Net-(R16-Pad2)")
  (net 284 /+1.2V-CPU)
  (net 285 /+1.2V-INT)
  (net 286 /+1.5V)
  (net 287 /+3.0VA)

  (net_class Default "This is the default net class."
    (clearance 0.2)
    (trace_width 0.25)
    (via_dia 0.8)
    (via_drill 0.4)
    (uvia_dia 0.3)
    (uvia_drill 0.1)
    (add_net +3V3)
    (add_net /+1.2V-CPU)
    (add_net /+1.2V-INT)
    (add_net /+1.5V)
    (add_net /+3.0VA)
    (add_net /19)
    (add_net /20)
    (add_net /21)
    (add_net /22)
    (add_net /24)
    (add_net /25)
    (add_net /26)
    (add_net /27)
    (add_net /28)
    (add_net /29)
    (add_net /31)
    (add_net /32)
    (add_net /33)
    (add_net /34)
    (add_net /36)
    (add_net /37)
    (add_net /38)
    (add_net /39)
    (add_net /40)
    (add_net /41)
    (add_net /42)
    (add_net /44)
    (add_net /45)
    (add_net /46)
    (add_net /47)
    (add_net /48)
    (add_net /49)
    (add_net /50)
    (add_net /51)
    (add_net /52)
    (add_net /54)
    (add_net /55)
    (add_net /56)
    (add_net /57)
    (add_net /58)
    (add_net /59)
    (add_net /60)
    (add_net /61)
    (add_net /63)
    (add_net /64)
    (add_net /65)
    (add_net /66)
    (add_net /67)
    (add_net /68)
    (add_net /69)
    (add_net /70)
    (add_net /71)
    (add_net /72)
    (add_net /A0)
    (add_net /A1)
    (add_net /A10)
    (add_net /A11)
    (add_net /A12)
    (add_net /A13)
    (add_net /A14)
    (add_net /A2)
    (add_net /A3)
    (add_net /A4)
    (add_net /A5)
    (add_net /A6)
    (add_net /A7)
    (add_net /A8)
    (add_net /A9)
    (add_net /BA0)
    (add_net /BA1)
    (add_net /BA2)
    (add_net /CAS)
    (add_net /CK)
    (add_net /CK-N)
    (add_net /CKE)
    (add_net /D0)
    (add_net /D1)
    (add_net /D10)
    (add_net /D11)
    (add_net /D12)
    (add_net /D13)
    (add_net /D14)
    (add_net /D15)
    (add_net /D2)
    (add_net /D3)
    (add_net /D4)
    (add_net /D5)
    (add_net /D6)
    (add_net /D7)
    (add_net /D8)
    (add_net /D9)
    (add_net /DDR3-ODT)
    (add_net /DDR3-RST)
    (add_net /DM0)
    (add_net /DM1)
    (add_net /DQS0)
    (add_net /DQS0-N)
    (add_net /DQS1)
    (add_net /DQS1-N)
    (add_net /LCD-CLK)
    (add_net /LCD-D10)
    (add_net /LCD-D11)
    (add_net /LCD-D12)
    (add_net /LCD-D13)
    (add_net /LCD-D14)
    (add_net /LCD-D15)
    (add_net /LCD-D18)
    (add_net /LCD-D19)
    (add_net /LCD-D2)
    (add_net /LCD-D20)
    (add_net /LCD-D21)
    (add_net /LCD-D22)
    (add_net /LCD-D23)
    (add_net /LCD-D3)
    (add_net /LCD-D4)
    (add_net /LCD-D5)
    (add_net /LCD-D6)
    (add_net /LCD-D7)
    (add_net /LCD-DE)
    (add_net /LCD-HSYNC)
    (add_net /LCD-VSYNC)
    (add_net /LRADC)
    (add_net /NMI-N)
    (add_net /PIN10_TWI1-SCK)
    (add_net /PIN11_TWI1-SDA)
    (add_net /PIN12_NWE)
    (add_net /PIN13_NALE)
    (add_net /PIN14_NCLE)
    (add_net /PIN15_NCE1)
    (add_net /PIN16_NCE0)
    (add_net /PIN17_NRE)
    (add_net /PIN18_NRB0)
    (add_net /PIN19_NRB1)
    (add_net /PIN20_NDQ0)
    (add_net /PIN21_NDQ1)
    (add_net /PIN22_NDQ2)
    (add_net /PIN23_NDQ3)
    (add_net /PIN24_NDQ4)
    (add_net /PIN25_NDQ5)
    (add_net /PIN26_NDQ6)
    (add_net /PIN27_NDQ7)
    (add_net /PIN28)
    (add_net /PIN28_NDQS)
    (add_net /PIN29)
    (add_net /PIN30)
    (add_net /PIN31)
    (add_net /PIN32)
    (add_net /PIN33)
    (add_net /PIN34)
    (add_net /PIN35)
    (add_net /PIN36)
    (add_net /PIN37_LED1)
    (add_net /PIN38_VGA-DIS)
    (add_net /PIN39_USBH-EN)
    (add_net /PIN4_TWI0-SCK)
    (add_net /PIN5_TWI0-SDA)
    (add_net /PIN6_PWM0)
    (add_net /PIN7)
    (add_net /PIN8)
    (add_net /PIN9)
    (add_net /RAS)
    (add_net /RESET-N)
    (add_net /REST-N)
    (add_net /SD0CARD-DETECT)
    (add_net /SDC0-CMD)
    (add_net /SDC0-DATA0)
    (add_net /SDC0-DATA1)
    (add_net /SDC0-DATA2)
    (add_net /SDC0-DATA3)
    (add_net /SDC0-SCK)
    (add_net /SPI2-CLK)
    (add_net /SPI2-CS0)
    (add_net /SPI2-MISO)
    (add_net /SPI2-MOSI)
    (add_net /SVREF)
    (add_net /TPX1)
    (add_net /TPX2)
    (add_net /TPY1)
    (add_net /TPY2)
    (add_net /TWI2-SCK)
    (add_net /TWI2-SDA)
    (add_net /UART1-RX)
    (add_net /UART1-TX)
    (add_net /UBOOT)
    (add_net /UDM0)
    (add_net /UDM1)
    (add_net /UDP0)
    (add_net /UDP1)
    (add_net /USB0-DRV)
    (add_net /USB0-IDDET)
    (add_net /USB0-VBUSDET)
    (add_net /WE)
    (add_net GND)
    (add_net "Net-(C10-Pad1)")
    (add_net "Net-(C18-Pad2)")
    (add_net "Net-(C20-Pad1)")
    (add_net "Net-(C21-Pad1)")
    (add_net "Net-(C28-Pad2)")
    (add_net "Net-(C31-Pad1)")
    (add_net "Net-(C32-Pad1)")
    (add_net "Net-(C34-Pad1)")
    (add_net "Net-(C4-Pad1)")
    (add_net "Net-(C4-Pad2)")
    (add_net "Net-(C40-Pad2)")
    (add_net "Net-(C43-Pad1)")
    (add_net "Net-(C6-Pad1)")
    (add_net "Net-(C63-Pad2)")
    (add_net "Net-(C7-Pad1)")
    (add_net "Net-(C72-Pad1)")
    (add_net "Net-(C73-Pad2)")
    (add_net "Net-(C8-Pad1)")
    (add_net "Net-(C82-Pad1)")
    (add_net "Net-(C82-Pad2)")
    (add_net "Net-(C97-Pad2)")
    (add_net "Net-(C98-Pad2)")
    (add_net "Net-(D1-Pad2)")
    (add_net "Net-(D1-Pad3)")
    (add_net "Net-(ENTER1-Pad1)")
    (add_net "Net-(H-P1-Pad1)")
    (add_net "Net-(H-P1-Pad10)")
    (add_net "Net-(H-P1-Pad11)")
    (add_net "Net-(H-P1-Pad4)")
    (add_net "Net-(J1-Pad10)")
    (add_net "Net-(J3-Pad1)")
    (add_net "Net-(J3-Pad4)")
    (add_net "Net-(J4-Pad1)")
    (add_net "Net-(JP1-Pad2)")
    (add_net "Net-(L1-Pad1)")
    (add_net "Net-(L2-Pad1)")
    (add_net "Net-(L3-Pad1)")
    (add_net "Net-(L4-Pad1)")
    (add_net "Net-(LED1-Pad2)")
    (add_net "Net-(MENU1-Pad1)")
    (add_net "Net-(MIC1-Pad10)")
    (add_net "Net-(MIC1-Pad11)")
    (add_net "Net-(MIC1-Pad2)")
    (add_net "Net-(MIC1-Pad3)")
    (add_net "Net-(ON1-Pad2)")
    (add_net "Net-(R10-Pad2)")
    (add_net "Net-(R11-Pad1)")
    (add_net "Net-(R13-Pad2)")
    (add_net "Net-(R16-Pad2)")
    (add_net "Net-(R18-Pad1)")
    (add_net "Net-(R20-Pad1)")
    (add_net "Net-(R22-Pad2)")
    (add_net "Net-(R5-Pad2)")
    (add_net "Net-(R6-Pad2)")
    (add_net "Net-(RN1-Pad1)")
    (add_net "Net-(RN1-Pad8)")
    (add_net "Net-(RN2-Pad4)")
    (add_net "Net-(RN2-Pad5)")
    (add_net "Net-(U1-Pad1)")
    (add_net "Net-(U1-Pad10)")
    (add_net "Net-(U1-Pad11)")
    (add_net "Net-(U1-Pad14)")
    (add_net "Net-(U1-Pad15)")
    (add_net "Net-(U1-Pad2)")
    (add_net "Net-(U1-Pad20)")
    (add_net "Net-(U1-Pad21)")
    (add_net "Net-(U1-Pad22)")
    (add_net "Net-(U1-Pad23)")
    (add_net "Net-(U1-Pad24)")
    (add_net "Net-(U1-Pad25)")
    (add_net "Net-(U1-Pad26)")
    (add_net "Net-(U1-Pad27)")
    (add_net "Net-(U1-Pad28)")
    (add_net "Net-(U1-Pad3)")
    (add_net "Net-(U1-Pad33)")
    (add_net "Net-(U1-Pad34)")
    (add_net "Net-(U1-Pad35)")
    (add_net "Net-(U1-Pad38)")
    (add_net "Net-(U1-Pad39)")
    (add_net "Net-(U1-Pad4)")
    (add_net "Net-(U1-Pad40)")
    (add_net "Net-(U1-Pad45)")
    (add_net "Net-(U1-Pad46)")
    (add_net "Net-(U1-Pad47)")
    (add_net "Net-(U1-Pad48)")
    (add_net "Net-(U1-Pad5)")
    (add_net "Net-(U1-Pad6)")
    (add_net "Net-(U2-Pad3)")
    (add_net "Net-(U3-Pad99)")
    (add_net "Net-(U6-PadJ1)")
    (add_net "Net-(U6-PadJ9)")
    (add_net "Net-(U6-PadL1)")
    (add_net "Net-(U6-PadL9)")
    (add_net "Net-(U6-PadM7)")
  )

  (module MyKiCadLib:C0603_HandSoldering (layer F.Cu) (tedit 5BB46616) (tstamp 5C0BEE5F)
    (at 1013.4744 -351.8408)
    (descr "Resistor SMD 0603, hand soldering")
    (tags "resistor 0603")
    (path /61F44761)
    (attr smd)
    (fp_text reference C1 (at -0.01 -2.17) (layer F.SilkS)
      (effects (font (size 1 1) (thickness 0.15)))
    )
    (fp_text value C0603/10u (at 0 1.55) (layer F.Fab)
      (effects (font (size 1 1) (thickness 0.15)))
    )
    (fp_line (start 1.23 -0.68) (end 0.49 -0.68) (layer F.SilkS) (width 0.12))
    (fp_line (start -0.47 -0.68) (end -1.22 -0.68) (layer F.SilkS) (width 0.12))
    (fp_line (start -0.46 0.68) (end -1.2 0.68) (layer F.SilkS) (width 0.12))
    (fp_arc (start -1.21 0.28) (end -1.19 0.68) (angle 91.4) (layer F.SilkS) (width 0.12))
    (fp_arc (start 1.219779 0.279631) (end 1.619779 0.259631) (angle 91.4) (layer F.SilkS) (width 0.12))
    (fp_arc (start 1.22 -0.28) (end 1.2 -0.68) (angle 91.4) (layer F.SilkS) (width 0.12))
    (fp_line (start 1.61 0.7) (end -1.6 0.7) (layer F.CrtYd) (width 0.05))
    (fp_line (start 1.61 0.7) (end 1.61 -0.7) (layer F.CrtYd) (width 0.05))
    (fp_line (start -1.6 -0.7) (end -1.6 0.7) (layer F.CrtYd) (width 0.05))
    (fp_line (start -1.6 -0.7) (end 1.61 -0.7) (layer F.CrtYd) (width 0.05))
    (fp_line (start 1.24 0.68) (end 0.5 0.68) (layer F.SilkS) (width 0.12))
    (fp_line (start -0.8 -0.4) (end 0.8 -0.4) (layer F.Fab) (width 0.1))
    (fp_line (start 0.8 0.4) (end -0.8 0.4) (layer F.Fab) (width 0.1))
    (fp_text user %R (at 0 0) (layer F.Fab)
      (effects (font (size 0.4 0.4) (thickness 0.075)))
    )
    (fp_line (start 1.62 -0.32) (end 1.62 0.3) (layer F.SilkS) (width 0.12))
    (fp_line (start -1.61 -0.31) (end -1.61 0.33) (layer F.SilkS) (width 0.12))
    (fp_arc (start -1.21 -0.28) (end -1.61 -0.26) (angle 91.4) (layer F.SilkS) (width 0.12))
    (pad 2 smd rect (at 0.9 0) (size 0.9 0.8) (layers F.Cu F.Paste F.Mask)
      (net 1 +3V3))
    (pad 1 smd rect (at -0.9 0) (size 0.9 0.8) (layers F.Cu F.Paste F.Mask)
      (net 2 GND))
    (model ${KISYS3DMOD}/Resistors_SMD.3dshapes/R_0603.wrl
      (at (xyz 0 0 0))
      (scale (xyz 1 1 1))
      (rotate (xyz 0 0 0))
    )
  )

  (module MyKiCadLib:C0603_HandSoldering (layer F.Cu) (tedit 5BB46616) (tstamp 5C0BEE76)
    (at 1012.1138 -347.1926)
    (descr "Resistor SMD 0603, hand soldering")
    (tags "resistor 0603")
    (path /61AD9293)
    (attr smd)
    (fp_text reference C2 (at -0.01 -2.17) (layer F.SilkS)
      (effects (font (size 1 1) (thickness 0.15)))
    )
    (fp_text value C0603/10u (at 0 1.55) (layer F.Fab)
      (effects (font (size 1 1) (thickness 0.15)))
    )
    (fp_line (start 1.23 -0.68) (end 0.49 -0.68) (layer F.SilkS) (width 0.12))
    (fp_line (start -0.47 -0.68) (end -1.22 -0.68) (layer F.SilkS) (width 0.12))
    (fp_line (start -0.46 0.68) (end -1.2 0.68) (layer F.SilkS) (width 0.12))
    (fp_arc (start -1.21 0.28) (end -1.19 0.68) (angle 91.4) (layer F.SilkS) (width 0.12))
    (fp_arc (start 1.219779 0.279631) (end 1.619779 0.259631) (angle 91.4) (layer F.SilkS) (width 0.12))
    (fp_arc (start 1.22 -0.28) (end 1.2 -0.68) (angle 91.4) (layer F.SilkS) (width 0.12))
    (fp_line (start 1.61 0.7) (end -1.6 0.7) (layer F.CrtYd) (width 0.05))
    (fp_line (start 1.61 0.7) (end 1.61 -0.7) (layer F.CrtYd) (width 0.05))
    (fp_line (start -1.6 -0.7) (end -1.6 0.7) (layer F.CrtYd) (width 0.05))
    (fp_line (start -1.6 -0.7) (end 1.61 -0.7) (layer F.CrtYd) (width 0.05))
    (fp_line (start 1.24 0.68) (end 0.5 0.68) (layer F.SilkS) (width 0.12))
    (fp_line (start -0.8 -0.4) (end 0.8 -0.4) (layer F.Fab) (width 0.1))
    (fp_line (start 0.8 0.4) (end -0.8 0.4) (layer F.Fab) (width 0.1))
    (fp_text user %R (at 0 0) (layer F.Fab)
      (effects (font (size 0.4 0.4) (thickness 0.075)))
    )
    (fp_line (start 1.62 -0.32) (end 1.62 0.3) (layer F.SilkS) (width 0.12))
    (fp_line (start -1.61 -0.31) (end -1.61 0.33) (layer F.SilkS) (width 0.12))
    (fp_arc (start -1.21 -0.28) (end -1.61 -0.26) (angle 91.4) (layer F.SilkS) (width 0.12))
    (pad 2 smd rect (at 0.9 0) (size 0.9 0.8) (layers F.Cu F.Paste F.Mask)
      (net 1 +3V3))
    (pad 1 smd rect (at -0.9 0) (size 0.9 0.8) (layers F.Cu F.Paste F.Mask)
      (net 2 GND))
    (model ${KISYS3DMOD}/Resistors_SMD.3dshapes/R_0603.wrl
      (at (xyz 0 0 0))
      (scale (xyz 1 1 1))
      (rotate (xyz 0 0 0))
    )
  )

  (module MyKiCadLib:C0402_HandSoldering (layer B.Cu) (tedit 5BB46E5E) (tstamp 5C0BEE8E)
    (at 600.8624 -451.039767 270)
    (descr "Resistor SMD 0402, reflow soldering, Vishay (see dcrcw.pdf)")
    (tags "resistor 0402")
    (path /5BBE4C8A)
    (attr smd)
    (fp_text reference C3 (at 2.1844 -0.0508 270) (layer B.SilkS)
      (effects (font (size 1 1) (thickness 0.15)) (justify mirror))
    )
    (fp_text value C0402/100n/6.3V (at 0 -1.45 270) (layer B.Fab)
      (effects (font (size 1 1) (thickness 0.15)) (justify mirror))
    )
    (fp_arc (start -0.81 0.24) (end -1.09 0.24) (angle -93.57633437) (layer B.SilkS) (width 0.12))
    (fp_line (start 1.09 -0.26) (end 1.09 0.24) (layer B.SilkS) (width 0.12))
    (fp_line (start -1.09 0.25) (end -1.09 -0.24) (layer B.SilkS) (width 0.12))
    (fp_line (start -0.26 0.52) (end -0.8 0.52) (layer B.SilkS) (width 0.12))
    (fp_line (start -0.5 -0.25) (end -0.5 0.25) (layer B.Fab) (width 0.1))
    (fp_line (start 0.5 -0.25) (end -0.5 -0.25) (layer B.Fab) (width 0.1))
    (fp_line (start 0.5 0.25) (end 0.5 -0.25) (layer B.Fab) (width 0.1))
    (fp_line (start -0.5 0.25) (end 0.5 0.25) (layer B.Fab) (width 0.1))
    (fp_line (start -1 0.45) (end 1 0.45) (layer B.CrtYd) (width 0.05))
    (fp_line (start -1 0.45) (end -1 -0.45) (layer B.CrtYd) (width 0.05))
    (fp_line (start 1 -0.45) (end 1 0.45) (layer B.CrtYd) (width 0.05))
    (fp_line (start -1 -0.45) (end 1 -0.45) (layer B.CrtYd) (width 0.05))
    (fp_line (start 0.83 0.52) (end 0.24 0.52) (layer B.SilkS) (width 0.12))
    (fp_line (start 0.82 -0.52) (end 0.25 -0.52) (layer B.SilkS) (width 0.12))
    (fp_line (start -0.25 -0.52) (end -0.85 -0.52) (layer B.SilkS) (width 0.12))
    (fp_arc (start -0.817305 -0.247466) (end -0.83676 -0.52) (angle -89.49321832) (layer B.SilkS) (width 0.12))
    (fp_arc (start 0.81 0.24) (end 0.81 0.52) (angle -93.57633437) (layer B.SilkS) (width 0.12))
    (fp_arc (start 0.81 -0.24) (end 1.09 -0.24) (angle -93.57633437) (layer B.SilkS) (width 0.12))
    (pad 1 smd rect (at -0.6 0 270) (size 0.6 0.6) (layers B.Cu B.Paste B.Mask)
      (net 284 /+1.2V-CPU))
    (pad 2 smd rect (at 0.6 0 270) (size 0.6 0.6) (layers B.Cu B.Paste B.Mask)
      (net 2 GND))
    (model ${KISYS3DMOD}/Resistors_SMD.3dshapes/R_0402.wrl
      (at (xyz 0 0 0))
      (scale (xyz 1 1 1))
      (rotate (xyz 0 0 0))
    )
  )

  (module MyKiCadLib:C0402_HandSoldering (layer F.Cu) (tedit 5BB46E5E) (tstamp 5C0126D7)
    (at 663.251334 -145.857399)
    (descr "Resistor SMD 0402, reflow soldering, Vishay (see dcrcw.pdf)")
    (tags "resistor 0402")
    (path /5BC96DAE)
    (attr smd)
    (fp_text reference C4 (at 0 -1.53) (layer F.SilkS)
      (effects (font (size 1 1) (thickness 0.15)))
    )
    (fp_text value C0402/100n/6.3V (at 0 1.45) (layer F.Fab)
      (effects (font (size 1 1) (thickness 0.15)))
    )
    (fp_arc (start 0.81 0.24) (end 1.09 0.24) (angle 93.57633437) (layer F.SilkS) (width 0.12))
    (fp_arc (start 0.81 -0.24) (end 0.81 -0.52) (angle 93.57633437) (layer F.SilkS) (width 0.12))
    (fp_arc (start -0.817305 0.247466) (end -0.83676 0.52) (angle 89.49321832) (layer F.SilkS) (width 0.12))
    (fp_line (start -0.25 0.52) (end -0.85 0.52) (layer F.SilkS) (width 0.12))
    (fp_line (start 0.82 0.52) (end 0.25 0.52) (layer F.SilkS) (width 0.12))
    (fp_line (start 0.83 -0.52) (end 0.24 -0.52) (layer F.SilkS) (width 0.12))
    (fp_line (start -1 0.45) (end 1 0.45) (layer F.CrtYd) (width 0.05))
    (fp_line (start 1 0.45) (end 1 -0.45) (layer F.CrtYd) (width 0.05))
    (fp_line (start -1 -0.45) (end -1 0.45) (layer F.CrtYd) (width 0.05))
    (fp_line (start -1 -0.45) (end 1 -0.45) (layer F.CrtYd) (width 0.05))
    (fp_line (start -0.5 -0.25) (end 0.5 -0.25) (layer F.Fab) (width 0.1))
    (fp_line (start 0.5 -0.25) (end 0.5 0.25) (layer F.Fab) (width 0.1))
    (fp_line (start 0.5 0.25) (end -0.5 0.25) (layer F.Fab) (width 0.1))
    (fp_line (start -0.5 0.25) (end -0.5 -0.25) (layer F.Fab) (width 0.1))
    (fp_line (start -0.26 -0.52) (end -0.8 -0.52) (layer F.SilkS) (width 0.12))
    (fp_line (start -1.09 -0.25) (end -1.09 0.24) (layer F.SilkS) (width 0.12))
    (fp_line (start 1.09 0.26) (end 1.09 -0.24) (layer F.SilkS) (width 0.12))
    (fp_arc (start -0.81 -0.24) (end -1.09 -0.24) (angle 93.57633437) (layer F.SilkS) (width 0.12))
    (pad 2 smd rect (at 0.6 0) (size 0.6 0.6) (layers F.Cu F.Paste F.Mask)
      (net 3 "Net-(C4-Pad2)"))
    (pad 1 smd rect (at -0.6 0) (size 0.6 0.6) (layers F.Cu F.Paste F.Mask)
      (net 4 "Net-(C4-Pad1)"))
    (model ${KISYS3DMOD}/Resistors_SMD.3dshapes/R_0402.wrl
      (at (xyz 0 0 0))
      (scale (xyz 1 1 1))
      (rotate (xyz 0 0 0))
    )
  )

  (module MyKiCadLib:C0402_HandSoldering (layer B.Cu) (tedit 5BB46E5E) (tstamp 5C0BEEBE)
    (at 601.9038 -451.039767 270)
    (descr "Resistor SMD 0402, reflow soldering, Vishay (see dcrcw.pdf)")
    (tags "resistor 0402")
    (path /5BBE4C32)
    (attr smd)
    (fp_text reference C5 (at 2.413 0.508 270) (layer B.SilkS)
      (effects (font (size 1 1) (thickness 0.15)) (justify mirror))
    )
    (fp_text value C0402/10u/6.3V (at 0 -1.45 270) (layer B.Fab)
      (effects (font (size 1 1) (thickness 0.15)) (justify mirror))
    )
    (fp_arc (start -0.81 0.24) (end -1.09 0.24) (angle -93.57633437) (layer B.SilkS) (width 0.12))
    (fp_line (start 1.09 -0.26) (end 1.09 0.24) (layer B.SilkS) (width 0.12))
    (fp_line (start -1.09 0.25) (end -1.09 -0.24) (layer B.SilkS) (width 0.12))
    (fp_line (start -0.26 0.52) (end -0.8 0.52) (layer B.SilkS) (width 0.12))
    (fp_line (start -0.5 -0.25) (end -0.5 0.25) (layer B.Fab) (width 0.1))
    (fp_line (start 0.5 -0.25) (end -0.5 -0.25) (layer B.Fab) (width 0.1))
    (fp_line (start 0.5 0.25) (end 0.5 -0.25) (layer B.Fab) (width 0.1))
    (fp_line (start -0.5 0.25) (end 0.5 0.25) (layer B.Fab) (width 0.1))
    (fp_line (start -1 0.45) (end 1 0.45) (layer B.CrtYd) (width 0.05))
    (fp_line (start -1 0.45) (end -1 -0.45) (layer B.CrtYd) (width 0.05))
    (fp_line (start 1 -0.45) (end 1 0.45) (layer B.CrtYd) (width 0.05))
    (fp_line (start -1 -0.45) (end 1 -0.45) (layer B.CrtYd) (width 0.05))
    (fp_line (start 0.83 0.52) (end 0.24 0.52) (layer B.SilkS) (width 0.12))
    (fp_line (start 0.82 -0.52) (end 0.25 -0.52) (layer B.SilkS) (width 0.12))
    (fp_line (start -0.25 -0.52) (end -0.85 -0.52) (layer B.SilkS) (width 0.12))
    (fp_arc (start -0.817305 -0.247466) (end -0.83676 -0.52) (angle -89.49321832) (layer B.SilkS) (width 0.12))
    (fp_arc (start 0.81 0.24) (end 0.81 0.52) (angle -93.57633437) (layer B.SilkS) (width 0.12))
    (fp_arc (start 0.81 -0.24) (end 1.09 -0.24) (angle -93.57633437) (layer B.SilkS) (width 0.12))
    (pad 1 smd rect (at -0.6 0 270) (size 0.6 0.6) (layers B.Cu B.Paste B.Mask)
      (net 284 /+1.2V-CPU))
    (pad 2 smd rect (at 0.6 0 270) (size 0.6 0.6) (layers B.Cu B.Paste B.Mask)
      (net 2 GND))
    (model ${KISYS3DMOD}/Resistors_SMD.3dshapes/R_0402.wrl
      (at (xyz 0 0 0))
      (scale (xyz 1 1 1))
      (rotate (xyz 0 0 0))
    )
  )

  (module MyKiCadLib:C0402_HandSoldering (layer F.Cu) (tedit 5BB46E5E) (tstamp 5C0BEED6)
    (at 657.851334 -140.667399)
    (descr "Resistor SMD 0402, reflow soldering, Vishay (see dcrcw.pdf)")
    (tags "resistor 0402")
    (path /5BC96AF7)
    (attr smd)
    (fp_text reference C6 (at 0 -1.53) (layer F.SilkS)
      (effects (font (size 1 1) (thickness 0.15)))
    )
    (fp_text value C0402/3.3n/6.3V (at 0 1.45) (layer F.Fab)
      (effects (font (size 1 1) (thickness 0.15)))
    )
    (fp_arc (start -0.81 -0.24) (end -1.09 -0.24) (angle 93.57633437) (layer F.SilkS) (width 0.12))
    (fp_line (start 1.09 0.26) (end 1.09 -0.24) (layer F.SilkS) (width 0.12))
    (fp_line (start -1.09 -0.25) (end -1.09 0.24) (layer F.SilkS) (width 0.12))
    (fp_line (start -0.26 -0.52) (end -0.8 -0.52) (layer F.SilkS) (width 0.12))
    (fp_line (start -0.5 0.25) (end -0.5 -0.25) (layer F.Fab) (width 0.1))
    (fp_line (start 0.5 0.25) (end -0.5 0.25) (layer F.Fab) (width 0.1))
    (fp_line (start 0.5 -0.25) (end 0.5 0.25) (layer F.Fab) (width 0.1))
    (fp_line (start -0.5 -0.25) (end 0.5 -0.25) (layer F.Fab) (width 0.1))
    (fp_line (start -1 -0.45) (end 1 -0.45) (layer F.CrtYd) (width 0.05))
    (fp_line (start -1 -0.45) (end -1 0.45) (layer F.CrtYd) (width 0.05))
    (fp_line (start 1 0.45) (end 1 -0.45) (layer F.CrtYd) (width 0.05))
    (fp_line (start -1 0.45) (end 1 0.45) (layer F.CrtYd) (width 0.05))
    (fp_line (start 0.83 -0.52) (end 0.24 -0.52) (layer F.SilkS) (width 0.12))
    (fp_line (start 0.82 0.52) (end 0.25 0.52) (layer F.SilkS) (width 0.12))
    (fp_line (start -0.25 0.52) (end -0.85 0.52) (layer F.SilkS) (width 0.12))
    (fp_arc (start -0.817305 0.247466) (end -0.83676 0.52) (angle 89.49321832) (layer F.SilkS) (width 0.12))
    (fp_arc (start 0.81 -0.24) (end 0.81 -0.52) (angle 93.57633437) (layer F.SilkS) (width 0.12))
    (fp_arc (start 0.81 0.24) (end 1.09 0.24) (angle 93.57633437) (layer F.SilkS) (width 0.12))
    (pad 1 smd rect (at -0.6 0) (size 0.6 0.6) (layers F.Cu F.Paste F.Mask)
      (net 5 "Net-(C6-Pad1)"))
    (pad 2 smd rect (at 0.6 0) (size 0.6 0.6) (layers F.Cu F.Paste F.Mask)
      (net 4 "Net-(C4-Pad1)"))
    (model ${KISYS3DMOD}/Resistors_SMD.3dshapes/R_0402.wrl
      (at (xyz 0 0 0))
      (scale (xyz 1 1 1))
      (rotate (xyz 0 0 0))
    )
  )

  (module MyKiCadLib:C0402_HandSoldering (layer F.Cu) (tedit 5BB46E5E) (tstamp 5C0BEEEE)
    (at 681.241334 -164.487399)
    (descr "Resistor SMD 0402, reflow soldering, Vishay (see dcrcw.pdf)")
    (tags "resistor 0402")
    (path /5BD3BBB0)
    (attr smd)
    (fp_text reference C7 (at 0 -1.53) (layer F.SilkS)
      (effects (font (size 1 1) (thickness 0.15)))
    )
    (fp_text value C0402/100n/6.3V (at 0 1.45) (layer F.Fab)
      (effects (font (size 1 1) (thickness 0.15)))
    )
    (fp_arc (start 0.81 0.24) (end 1.09 0.24) (angle 93.57633437) (layer F.SilkS) (width 0.12))
    (fp_arc (start 0.81 -0.24) (end 0.81 -0.52) (angle 93.57633437) (layer F.SilkS) (width 0.12))
    (fp_arc (start -0.817305 0.247466) (end -0.83676 0.52) (angle 89.49321832) (layer F.SilkS) (width 0.12))
    (fp_line (start -0.25 0.52) (end -0.85 0.52) (layer F.SilkS) (width 0.12))
    (fp_line (start 0.82 0.52) (end 0.25 0.52) (layer F.SilkS) (width 0.12))
    (fp_line (start 0.83 -0.52) (end 0.24 -0.52) (layer F.SilkS) (width 0.12))
    (fp_line (start -1 0.45) (end 1 0.45) (layer F.CrtYd) (width 0.05))
    (fp_line (start 1 0.45) (end 1 -0.45) (layer F.CrtYd) (width 0.05))
    (fp_line (start -1 -0.45) (end -1 0.45) (layer F.CrtYd) (width 0.05))
    (fp_line (start -1 -0.45) (end 1 -0.45) (layer F.CrtYd) (width 0.05))
    (fp_line (start -0.5 -0.25) (end 0.5 -0.25) (layer F.Fab) (width 0.1))
    (fp_line (start 0.5 -0.25) (end 0.5 0.25) (layer F.Fab) (width 0.1))
    (fp_line (start 0.5 0.25) (end -0.5 0.25) (layer F.Fab) (width 0.1))
    (fp_line (start -0.5 0.25) (end -0.5 -0.25) (layer F.Fab) (width 0.1))
    (fp_line (start -0.26 -0.52) (end -0.8 -0.52) (layer F.SilkS) (width 0.12))
    (fp_line (start -1.09 -0.25) (end -1.09 0.24) (layer F.SilkS) (width 0.12))
    (fp_line (start 1.09 0.26) (end 1.09 -0.24) (layer F.SilkS) (width 0.12))
    (fp_arc (start -0.81 -0.24) (end -1.09 -0.24) (angle 93.57633437) (layer F.SilkS) (width 0.12))
    (pad 2 smd rect (at 0.6 0) (size 0.6 0.6) (layers F.Cu F.Paste F.Mask)
      (net 2 GND))
    (pad 1 smd rect (at -0.6 0) (size 0.6 0.6) (layers F.Cu F.Paste F.Mask)
      (net 6 "Net-(C7-Pad1)"))
    (model ${KISYS3DMOD}/Resistors_SMD.3dshapes/R_0402.wrl
      (at (xyz 0 0 0))
      (scale (xyz 1 1 1))
      (rotate (xyz 0 0 0))
    )
  )

  (module MyKiCadLib:C0402_HandSoldering (layer F.Cu) (tedit 5BB46E5E) (tstamp 5C0BEF06)
    (at 657.851334 -141.827399)
    (descr "Resistor SMD 0402, reflow soldering, Vishay (see dcrcw.pdf)")
    (tags "resistor 0402")
    (path /5BD3CB4E)
    (attr smd)
    (fp_text reference C8 (at 0 -1.53) (layer F.SilkS)
      (effects (font (size 1 1) (thickness 0.15)))
    )
    (fp_text value C0402/100n/6.3V (at 0 1.45) (layer F.Fab)
      (effects (font (size 1 1) (thickness 0.15)))
    )
    (fp_arc (start -0.81 -0.24) (end -1.09 -0.24) (angle 93.57633437) (layer F.SilkS) (width 0.12))
    (fp_line (start 1.09 0.26) (end 1.09 -0.24) (layer F.SilkS) (width 0.12))
    (fp_line (start -1.09 -0.25) (end -1.09 0.24) (layer F.SilkS) (width 0.12))
    (fp_line (start -0.26 -0.52) (end -0.8 -0.52) (layer F.SilkS) (width 0.12))
    (fp_line (start -0.5 0.25) (end -0.5 -0.25) (layer F.Fab) (width 0.1))
    (fp_line (start 0.5 0.25) (end -0.5 0.25) (layer F.Fab) (width 0.1))
    (fp_line (start 0.5 -0.25) (end 0.5 0.25) (layer F.Fab) (width 0.1))
    (fp_line (start -0.5 -0.25) (end 0.5 -0.25) (layer F.Fab) (width 0.1))
    (fp_line (start -1 -0.45) (end 1 -0.45) (layer F.CrtYd) (width 0.05))
    (fp_line (start -1 -0.45) (end -1 0.45) (layer F.CrtYd) (width 0.05))
    (fp_line (start 1 0.45) (end 1 -0.45) (layer F.CrtYd) (width 0.05))
    (fp_line (start -1 0.45) (end 1 0.45) (layer F.CrtYd) (width 0.05))
    (fp_line (start 0.83 -0.52) (end 0.24 -0.52) (layer F.SilkS) (width 0.12))
    (fp_line (start 0.82 0.52) (end 0.25 0.52) (layer F.SilkS) (width 0.12))
    (fp_line (start -0.25 0.52) (end -0.85 0.52) (layer F.SilkS) (width 0.12))
    (fp_arc (start -0.817305 0.247466) (end -0.83676 0.52) (angle 89.49321832) (layer F.SilkS) (width 0.12))
    (fp_arc (start 0.81 -0.24) (end 0.81 -0.52) (angle 93.57633437) (layer F.SilkS) (width 0.12))
    (fp_arc (start 0.81 0.24) (end 1.09 0.24) (angle 93.57633437) (layer F.SilkS) (width 0.12))
    (pad 1 smd rect (at -0.6 0) (size 0.6 0.6) (layers F.Cu F.Paste F.Mask)
      (net 7 "Net-(C8-Pad1)"))
    (pad 2 smd rect (at 0.6 0) (size 0.6 0.6) (layers F.Cu F.Paste F.Mask)
      (net 2 GND))
    (model ${KISYS3DMOD}/Resistors_SMD.3dshapes/R_0402.wrl
      (at (xyz 0 0 0))
      (scale (xyz 1 1 1))
      (rotate (xyz 0 0 0))
    )
  )

  (module MyKiCadLib:C0603_HandSoldering (layer B.Cu) (tedit 5BB46616) (tstamp 5C0BEF1D)
    (at 604.139 -450.5198 270)
    (descr "Resistor SMD 0603, hand soldering")
    (tags "resistor 0603")
    (path /5BBE33C5)
    (attr smd)
    (fp_text reference C9 (at 2.4638 -0.2032 270) (layer B.SilkS)
      (effects (font (size 1 1) (thickness 0.15)) (justify mirror))
    )
    (fp_text value C0603/22u/6.3V (at 0 -1.55 270) (layer B.Fab)
      (effects (font (size 1 1) (thickness 0.15)) (justify mirror))
    )
    (fp_line (start 1.23 0.68) (end 0.49 0.68) (layer B.SilkS) (width 0.12))
    (fp_line (start -0.47 0.68) (end -1.22 0.68) (layer B.SilkS) (width 0.12))
    (fp_line (start -0.46 -0.68) (end -1.2 -0.68) (layer B.SilkS) (width 0.12))
    (fp_arc (start -1.21 -0.28) (end -1.19 -0.68) (angle -91.4) (layer B.SilkS) (width 0.12))
    (fp_arc (start 1.219779 -0.279631) (end 1.619779 -0.259631) (angle -91.4) (layer B.SilkS) (width 0.12))
    (fp_arc (start 1.22 0.28) (end 1.2 0.68) (angle -91.4) (layer B.SilkS) (width 0.12))
    (fp_line (start 1.61 -0.7) (end -1.6 -0.7) (layer B.CrtYd) (width 0.05))
    (fp_line (start 1.61 -0.7) (end 1.61 0.7) (layer B.CrtYd) (width 0.05))
    (fp_line (start -1.6 0.7) (end -1.6 -0.7) (layer B.CrtYd) (width 0.05))
    (fp_line (start -1.6 0.7) (end 1.61 0.7) (layer B.CrtYd) (width 0.05))
    (fp_line (start 1.24 -0.68) (end 0.5 -0.68) (layer B.SilkS) (width 0.12))
    (fp_line (start -0.8 0.4) (end 0.8 0.4) (layer B.Fab) (width 0.1))
    (fp_line (start 0.8 -0.4) (end -0.8 -0.4) (layer B.Fab) (width 0.1))
    (fp_text user %R (at 0 0 270) (layer B.Fab)
      (effects (font (size 0.4 0.4) (thickness 0.075)) (justify mirror))
    )
    (fp_line (start 1.62 0.32) (end 1.62 -0.3) (layer B.SilkS) (width 0.12))
    (fp_line (start -1.61 0.31) (end -1.61 -0.33) (layer B.SilkS) (width 0.12))
    (fp_arc (start -1.21 0.28) (end -1.61 0.26) (angle -91.4) (layer B.SilkS) (width 0.12))
    (pad 2 smd rect (at 0.9 0 270) (size 0.9 0.8) (layers B.Cu B.Paste B.Mask)
      (net 2 GND))
    (pad 1 smd rect (at -0.9 0 270) (size 0.9 0.8) (layers B.Cu B.Paste B.Mask)
      (net 1 +3V3))
    (model ${KISYS3DMOD}/Resistors_SMD.3dshapes/R_0603.wrl
      (at (xyz 0 0 0))
      (scale (xyz 1 1 1))
      (rotate (xyz 0 0 0))
    )
  )

  (module MyKiCadLib:C0402_HandSoldering (layer F.Cu) (tedit 5BB46E5E) (tstamp 5C0BEF35)
    (at 672.841334 -156.137399)
    (descr "Resistor SMD 0402, reflow soldering, Vishay (see dcrcw.pdf)")
    (tags "resistor 0402")
    (path /5BD3CC7A)
    (attr smd)
    (fp_text reference C10 (at 0 -1.53) (layer F.SilkS)
      (effects (font (size 1 1) (thickness 0.15)))
    )
    (fp_text value C0402/100n/6.3V (at 0 1.45) (layer F.Fab)
      (effects (font (size 1 1) (thickness 0.15)))
    )
    (fp_arc (start 0.81 0.24) (end 1.09 0.24) (angle 93.57633437) (layer F.SilkS) (width 0.12))
    (fp_arc (start 0.81 -0.24) (end 0.81 -0.52) (angle 93.57633437) (layer F.SilkS) (width 0.12))
    (fp_arc (start -0.817305 0.247466) (end -0.83676 0.52) (angle 89.49321832) (layer F.SilkS) (width 0.12))
    (fp_line (start -0.25 0.52) (end -0.85 0.52) (layer F.SilkS) (width 0.12))
    (fp_line (start 0.82 0.52) (end 0.25 0.52) (layer F.SilkS) (width 0.12))
    (fp_line (start 0.83 -0.52) (end 0.24 -0.52) (layer F.SilkS) (width 0.12))
    (fp_line (start -1 0.45) (end 1 0.45) (layer F.CrtYd) (width 0.05))
    (fp_line (start 1 0.45) (end 1 -0.45) (layer F.CrtYd) (width 0.05))
    (fp_line (start -1 -0.45) (end -1 0.45) (layer F.CrtYd) (width 0.05))
    (fp_line (start -1 -0.45) (end 1 -0.45) (layer F.CrtYd) (width 0.05))
    (fp_line (start -0.5 -0.25) (end 0.5 -0.25) (layer F.Fab) (width 0.1))
    (fp_line (start 0.5 -0.25) (end 0.5 0.25) (layer F.Fab) (width 0.1))
    (fp_line (start 0.5 0.25) (end -0.5 0.25) (layer F.Fab) (width 0.1))
    (fp_line (start -0.5 0.25) (end -0.5 -0.25) (layer F.Fab) (width 0.1))
    (fp_line (start -0.26 -0.52) (end -0.8 -0.52) (layer F.SilkS) (width 0.12))
    (fp_line (start -1.09 -0.25) (end -1.09 0.24) (layer F.SilkS) (width 0.12))
    (fp_line (start 1.09 0.26) (end 1.09 -0.24) (layer F.SilkS) (width 0.12))
    (fp_arc (start -0.81 -0.24) (end -1.09 -0.24) (angle 93.57633437) (layer F.SilkS) (width 0.12))
    (pad 2 smd rect (at 0.6 0) (size 0.6 0.6) (layers F.Cu F.Paste F.Mask)
      (net 2 GND))
    (pad 1 smd rect (at -0.6 0) (size 0.6 0.6) (layers F.Cu F.Paste F.Mask)
      (net 8 "Net-(C10-Pad1)"))
    (model ${KISYS3DMOD}/Resistors_SMD.3dshapes/R_0402.wrl
      (at (xyz 0 0 0))
      (scale (xyz 1 1 1))
      (rotate (xyz 0 0 0))
    )
  )

  (module MyKiCadLib:C0402_HandSoldering (layer B.Cu) (tedit 5BB46E5E) (tstamp 5C0BEF4D)
    (at 602.9452 -451.039767 270)
    (descr "Resistor SMD 0402, reflow soldering, Vishay (see dcrcw.pdf)")
    (tags "resistor 0402")
    (path /5BBE4BDC)
    (attr smd)
    (fp_text reference C11 (at 2.413 0.1524 270) (layer B.SilkS)
      (effects (font (size 1 1) (thickness 0.15)) (justify mirror))
    )
    (fp_text value C0402/100n/6.3V (at 0 -1.45 270) (layer B.Fab)
      (effects (font (size 1 1) (thickness 0.15)) (justify mirror))
    )
    (fp_arc (start 0.81 -0.24) (end 1.09 -0.24) (angle -93.57633437) (layer B.SilkS) (width 0.12))
    (fp_arc (start 0.81 0.24) (end 0.81 0.52) (angle -93.57633437) (layer B.SilkS) (width 0.12))
    (fp_arc (start -0.817305 -0.247466) (end -0.83676 -0.52) (angle -89.49321832) (layer B.SilkS) (width 0.12))
    (fp_line (start -0.25 -0.52) (end -0.85 -0.52) (layer B.SilkS) (width 0.12))
    (fp_line (start 0.82 -0.52) (end 0.25 -0.52) (layer B.SilkS) (width 0.12))
    (fp_line (start 0.83 0.52) (end 0.24 0.52) (layer B.SilkS) (width 0.12))
    (fp_line (start -1 -0.45) (end 1 -0.45) (layer B.CrtYd) (width 0.05))
    (fp_line (start 1 -0.45) (end 1 0.45) (layer B.CrtYd) (width 0.05))
    (fp_line (start -1 0.45) (end -1 -0.45) (layer B.CrtYd) (width 0.05))
    (fp_line (start -1 0.45) (end 1 0.45) (layer B.CrtYd) (width 0.05))
    (fp_line (start -0.5 0.25) (end 0.5 0.25) (layer B.Fab) (width 0.1))
